151.461991118346457148 
151.461991118346457148 
151.461991118346457148 
151.461991118346457148 
151.461991118346457148 
151.461991118346457148 
151.461991118346457148 
151.461991118346457148 
151.461991118346457148 
151.461991118346457148 
151.461991118346457148 
151.461991118346457148 
151.461991118346457148 
151.461991118346457148 
151.461991118346457148 
151.461991118346457148 
151.461991118346457148 
151.461991118346457148 
151.461991118346457148 
151.461991118346457148 
151.461991118346457148 
151.461991118346457148 
151.461991118346457148 
151.461991118346457148 
151.461991118346457148 
151.461991118346457148 
151.461991118346457148 
151.461991118346457148 
151.461991118346457148 
